종로구 160070 79519 80551 165207 82274 82933 168382 83931 84451 서울 
중구1 130465 65371 65094 133360 67043 66317 133193 67065 66128
용산구 239740 116491 123249 243232 118461 124771 246501 120183 126318
성동구 299337 149304 150033 299604 149832 149772 300711 150655 150056
광진구 368927 181864 187063 371313 183528 187785 371936 184103 187833
동대문구 364273 182987 181286 363258 182661 180597 365486 183925 181561
중랑구 416798 208641 208157 419295 210043 209252 423706 212291 211415
성북구 476589 234573 242016 481857 237474 244383 485171 239726 245445
강북구 338707 167342 171365 343157 169866 173291 345054 170906 174148
도봉구 358582 177153 181429 362270 179194 183076 365573 181004 184569
노원구 590479 288435 302044 597189 292081 305108 603930 295551 308379
은평구 503660 246858 256802 501480 246318 255162 493634 242779 250855
서대문구 314110 153315 160795 315113 154017 161096 314852 154033 160819
마포구 381856 184774 197082 384644 186452 198192 389493 189243 200250
양천구 492528 244742 247786 495911 246637 249274 500210 248927 251283
강서구1 569070 279207 289863 567431 278969 288462 569072 280274 288798
구로구 424964 213251 211713 427520 214982 212538 427468 215474 211994
금천구 241020 123462 117558 243288 124675 118613 243438 124665 118773
영등포구 386471 193880 192591 391408 196765 194643 397443 199987 197456
동작구 410815 202144 208671 405491 199454 206037 401408 197672 203736
관악구 518028 262248 255780 523029 265281 257748 526397 267145 259252
서초구 441763 213285 228478 435044 210440 224604 433564 209902 223662
강남구 563599 270601 292998 564197 270970 293227 565710 271991 293719
송파구 668415 326919 341496 673115 329747 343368 682209 334494 347715
강동구 483379 241503 241876 487905 244172 243733 495138 247973 247165
중구2 47345 23304 24041 48148 23658 24490 48686 23983 24703 부산
서구1 118783 58741 60042 120828 59843 60985 123718 61285 62433
동구1 96011 47756 48255 98529 49007 49522 100420 50064 50356
영도구 135816 67626 68190 139765 69619 70146 143205 71384 71821
부산진구 389765 191789 197976 392731 193834 198897 395044 195246 199798
동래구 276689 136514 140175 278767 137722 141045 283742 140377 143365
남구1 291770 144189 147581 291175 144063 147112 295121 146362 148759
북구1 309719 154473 155246 312937 156218 156719 307988 153873 154115
해운대구 425536 207384 218152 428188 208973 219215 425618 208071 217547
사하구 349110 174748 174362 352726 176689 176037 355443 178160 177283
금정구 253526 125009 128517 255692 126142 129550 254720 125734 128986
강서구2 69873 36413 33460 65806 34368 31438 64733 33785 30948
연제구 209290 103174 106116 211536 104471 107065 213326 105483 107843
수영구 175098 84361 90737 176666 85230 91436 176691 85338 91353
사상구 246797 125900 120897 250424 127701 122723 254413 129863 124550
기장군 132507 65619 66888 114566 56941 57625 108095 53840 54255
중구3 76246 37276 38970 75439 36980 38459 76600 37616 38984 대구 
동구2 343802 171738 172064 342092 171161 170931 341206 170918 170288
서구2 215399 109196 106203 220211 111782 108429 222619 113135 109484
남구2 166062 81060 85002 168715 82455 86260 169095 82674 86421
북구2 444359 222780 221579 448485 225108 223377 449775 225858 223917
수성구 461004 225950 235054 459779 225429 234350 461083 226551 234532
달서구 610358 303952 306406 606557 302340 304217 606542 302775 303767
달성군 184358 94119 90239 184366 94065 90301 180351 92050 88301
중구4 107774 55812 51962 98648 51332 47316 93581 48759 44822 인천 
동구3 75093 37816 37277 76720 38703 38017 78692 39694 38998
남구3 411330 207831 203499 414500 209429 205071 417996 211175 206821
연수구 300305 150157 150148 292589 146499 146090 287903 144277 143626
남동구 507021 253179 253842 503597 251391 252206 495469 247604 247865
부평구 556985 278352 278633 559047 279725 279322 560936 280854 280082
계양구 343806 172539 171267 342202 171886 170316 344299 173225 171074
서구3 490035 247938 242097 469887 238013 231874 436134 221363 214771
강화군 66735 33520 33215 66752 33415 33337 66779 33388 33391
옹진군 20698 11691 9007 20039 11200 8839 19485 10641 8844
동구4 103016 51584 51432 105580 52888 52692 106495 53286 53209 광주 
서구4 315276 155104 160172 316545 155783 160762 317936 156398 161538
남구4 216254 104891 111363 218313 105840 112473 219041 106382 112659
북구3 445489 221433 224056 443677 220615 223062 444483 221173 223310
광산구 392875 197204 195671 385101 193280 191821 375509 188367 187142
동구5 250653 126815 123838 251945 127582 124363 251285 127446 123839 대전 
중구5 264913 132053 132860 264125 131820 132305 265502 132531 132971
서구5 498917 246019 252898 496513 245058 251455 499124 246278 252846
유성구 313968 158541 155427 306312 154669 151643 294353 148403 145950
대덕구 204360 103881 100479 205688 104542 101146 205339 104530 100809
중구6 234607 120003 114604 233013 119283 113730 232634 119120 113514 울산 
남구5 349064 177704 171360 346836 176596 170240 343504 174873 168631
동구6 178468 94227 84241 175479 92414 83065 172172 90269 81903
북구4 185695 95972 89723 184088 95130 88958 182504 94220 88284
울주군 208646 107413 101233 207840 107001 100839 204680 105343 99337
세종시 122153 62205 59948 113117 57633 55484 - - -
수원시 1148157 578035 570122 1120258 564008 556250 1088489 548382 540107 경기도
성남시 979534 488219 491315 978615 488319 490296 979323 488586 490737
의정부시 430976 213109 217867 429147 212373 216774 430400 213071 217329
안양시 607877 302983 304894 611412 305066 306346 615642 307313 308329
부천시 863720 432691 431029 869944 436113 433831 872452 437885 434567
광명시 353100 175031 178069 355560 176365 179195 355226 176556 178670
평택시 442034 224729 217305 434305 220715 213590 426886 216624 210262
동두천시 97557 48765 48792 97175 48570 48605 96253 48091 48162
안산시 713666 365575 348091 715108 366354 348754 715586 366764 348822
고양시 990571 487990 502581 969916 478333 491583 961239 474421 486818
과천시 70578 34355 36223 71068 34612 36456 71955 35170 36785
구리시 189680 94679 95001 192341 95956 96385 194881 97313 97568
남양주시 618305 309444 308861 599539 300404 299135 578485 289957 288528
오산시 205460 105145 100315 200291 102396 97895 193892 98983 94909
시흥시 396765 208141 188624 399485 209254 190231 401149 210087 191062
군포시 286344 142559 143785 286841 142833 144008 287294 143186 144108
의왕시 159772 79919 79853 154757 77506 77251 149607 75003 74604
하남시 145096 74020 71076 146269 74629 71640 148397 75787 72610
용인시 941477 467945 473532 915959 455451 460508 896044 445667 450377
파주시 401718 204347 197371 394201 200716 193485 378790 193479 185311
이천시 205479 104253 101226 204917 103896 101021 204566 103617 100949
안성시 182173 92935 89238 181608 92627 88981 180743 92204 88539
김포시 312305 157341 154964 287432 145275 142157 256994 130283 126711
화성시 530251 273731 256520 525490 271219 254271 516765 266519 250246
광주시 286699 147488 139211 275656 141695 133961 265222 136415 128807
양주시 199143 101287 97856 200310 102085 98225 200360 102266 98094
포천시 156603 82034 74569 157559 82491 75068 157967 82751 75216
여주시 109343 55211 54132 109550 55348 54202 109120 55175 53945
연천군 45610 23708 21902 45599 23631 21968 44900 23135 21765
가평군 61017 31284 29733 60794 31298 29496 59358 30510 28848
양평군 103620 52240 51380 102193 51497 50696 99430 50157 49273
춘천시 274455 135377 139078 273364 134874 138490 272805 134600 138205 강원도
원주시 324837 161588 163249 323885 161117 162768 320536 159522 161014
강릉시 216806 107689 109117 217741 108318 109423 217571 108294 109277
동해시 95143 48104 47039 93897 47387 46510 95804 48289 47515
태백시 48794 24783 24011 49493 25123 24370 50176 25520 24656
속초시 83109 40929 42180 83579 41165 42414 83745 41260 42485
삼척시 73023 37384 35639 72463 36847 35616 72312 36681 35631
홍천군 70638 36181 34457 69727 35548 34179 69899 35639 34260
횡성군 44937 22866 22071 44615 22676 21939 44360 22576 21784
영월군 40150 20478 19672 40155 20448 19707 40199 20480 19719
평창군 43666 22298 21368 43627 22305 21322 43577 22334 21243
정선군 39985 20675 19310 39915 20686 19229 40181 20815 19366
철원군 47473 24418 23055 47968 24776 23192 48084 24949 23135
화천군 25079 13529 11550 25020 13575 11445 24945 13630 11315
양구군 23594 12540 11054 22799 12088 10711 22285 11758 10527
인제군 32517 17345 15172 32456 17379 15077 31970 17014 14956
고성군1 30398 16184 14214 30124 15792 14332 30057 15635 14422
양양군 27659 14130 13529 27802 14169 13633 27942 14282 13660
청주시 827906 415271 412635 821632 411995 409637 820315 411242 409073 충북
충주시 208115 104785 103330 208447 104956 103491 208433 104916 103517
제천시 137204 68929 68275 137521 69088 68433 137689 69287 68402
보은군 34318 17098 17220 34438 17168 17270 34717 17344 17373
옥천군 52763 26557 26206 53244 26784 26460 53496 26965 26531
영동군 50539 25102 25437 50663 25268 25395 50621 25230 25391
증평군 34546 17606 16940 34279 17511 16768 34009 17480 16529
진천군 64606 33519 31087 63458 32862 30596 63051 32604 30447
괴산군 38059 19341 18718 37713 19139 18574 37333 18896 18437
음성군 93505 48991 44514 92980 48743 44237 91644 48030 43614
단양군 31171 15663 15508 31253 15772 15481 31595 15987 15608
천안시 591089 300141 290948 581988 295203 286785 571377 289642 281735 충남
공주시 116369 58728 57641 117298 59145 58153 124748 62989 61759
보령시 104938 53010 51928 105559 53272 52287 106421 53685 52736
아산시 287073 146565 140508 280490 143069 137421 274523 139635 134888
서산시 165837 84858 80979 163315 83439 79876 161489 82448 79041
논산시 125844 62954 62890 126653 63212 63441 127533 63800 63733
계룡시 40957 20304 20653 41550 20633 20917 42942 21321 21621
당진시 159615 82925 76690 155104 80427 74677 - - -
금산군 55441 28116 27325 55715 28232 27483 56030 28393 27637
부여군 72547 36193 36354 73259 36570 36689 74004 36945 37059
서천군 58441 28754 29687 58920 29041 29879 59541 29285 30256
청양군 32155 16076 16079 32087 16097 15990 32291 16222 16069
홍성군 89704 44702 45002 88415 44035 44380 88108 43842 44266
예산군 85205 42660 42545 85876 43033 42843 86421 43335 43086
태안군 62416 31435 30981 62548 31404 31144 62747 31560 31187
전주시 650082 320998 329084 648863 320457 328406 645894 318945 326949 전북 
군산시 278319 141436 136883 278341 141486 136855 275659 140108 135551
익산시 306539 153261 153278 306469 153203 153266 309804 155042 154762
정읍시 118328 58508 59820 119392 59092 60300 120466 59639 60827
남원시 86460 42415 44045 87000 42730 44270 87455 42944 44511
김제시 91218 45207 46011 92317 45830 46487 93111 46202 46909
완주군 86978 44635 42343 86164 44165 41999 84660 43389 41271
진안군 26703 13404 13299 26963 13551 13412 28473 14330 14143
무주군 25398 12565 12833 25321 12553 12768 25863 12830 13033
장수군 23243 11535 11708 23191 11522 11669 23215 11534 11681
임실군 29739 15027 14712 29956 15161 14795 30789 15643 15146
순창군 30272 14658 15614 30055 14567 15488 29497 14416 15081
고창군 60522 29955 30567 60440 29951 30489 60065 29689 30376
부안군 59164 29290 29874 58869 29118 29751 59080 29291 29789
목포시 240936 120160 120776 245073 122512 122561 244871 122415 122456 전남 
여수시 291366 147539 143827 292217 147922 144295 292750 148115 144635
순천시 275668 137674 137994 273798 136833 136965 272201 136084 136117
나주시 87754 44123 43631 88067 44298 43769 88243 44403 43840
광양시 151621 77990 73631 150837 77678 73159 150725 77670 73055
담양군 47365 23833 23532 47612 24060 23552 47819 24113 23706
곡성군 31009 15085 15924 30878 14997 15881 31332 15224 16108
구례군 27115 13196 13919 27077 13193 13884 27422 13380 14042
고흥군 70631 34003 36628 71560 34464 37096 72607 35055 37552
보성군 46385 22395 23990 47050 22690 24360 47894 23120 24774
화순군 67829 33420 34409 68378 33729 34649 68985 34112 34873
장흥군 43004 20870 22134 42672 20697 21975 42552 20582 21970
강진군 40079 19123 20956 40241 19192 21049 41599 19744 21855
해남군 77684 37838 39846 78150 38203 39947 78346 38424 39922
영암군 59061 30083 28978 59997 30580 29417 60139 30659 29480
무안군 79367 39705 39662 75741 37997 37744 75718 37927 37791
함평군 35610 17665 17945 35780 17668 18112 36134 17872 18262
영광군 57617 28691 28926 57224 28460 28764 56863 28212 28651
장성군 46292 23385 22907 46289 23472 22817 46245 23543 22702
완도군 53619 26662 26957 53871 26782 27089 54037 26799 27238
진도군 32998 16012 16986 33208 16058 17150 33502 16224 17278
신안군 44162 23145 21017 43898 22869 21029 44355 23070 21285
포항시 519467 263461 256006 518913 263576 255337 517088 262648 254440 경북
경주시 263283 131725 131558 264091 132100 131991 265488 132822 132666
김천시 135259 67222 68037 135504 67317 68187 136185 67528 68657
안동시 168461 83229 85232 168302 83091 85211 168157 83037 85120
구미시 419428 213652 205776 416949 212041 204908 413446 210447 202999
영주시 112625 56102 56523 113547 56442 57105 114148 56759 57389
영천시 100778 50743 50035 101798 51337 50461 104182 52547 51635
상주시 103346 50785 52561 104182 51259 52923 104685 51569 53116
문경시 75664 37164 38500 75899 37319 38580 76727 37632 39095
경산시 248805 125454 123351 246358 124367 121991 243684 123114 120570
군위군 24172 12089 12083 24119 12059 12060 24268 12200 12068
의성군 56064 27399 28665 57043 27932 29111 57744 28329 29415
청송군 26470 13134 13336 26481 13075 13406 26569 13162 13407
영양군 18297 8996 9301 18208 8969 9239 18241 8982 9259
영덕군 40142 19118 21024 40257 19136 21121 40794 19378 21416
청도군 43788 21314 22474 43968 21398 22570 44298 21552 22746
고령군 35198 17988 17210 35343 18046 17297 35455 18102 17353
성주군 45067 23102 21965 45127 23138 21989 45640 23286 22354
칠곡군 121182 62805 58377 119786 62001 57785 118838 61458 57380
예천군 45573 22395 23178 46027 22640 23387 46579 22938 23641
봉화군 33894 16859 17035 33934 16903 17031 34192 17099 17093
울진군 51953 25642 26311 51844 25507 26337 52045 25504 26541
울릉군 10524 5573 4951 10673 5641 5032 10742 5634 5108
창원시 1083731 551005 532726 1091471 554788 536683 1091881 554950 536931 경남
진주시 337071 166985 170086 337314 167069 170245 335502 166254 169248
통영시 139719 70840 68879 139347 70610 68737 140195 71211 68984
사천시 116851 58660 58191 115321 57826 57495 114133 57343 56790
김해시 522049 263489 258560 513260 259026 254234 507062 255716 251346
밀양시 108342 53057 55285 108755 53255 55500 109329 53511 55818
거제시 242077 127020 115057 236944 124076 112868 232787 121587 111200
양산시 279565 140719 138846 270460 136159 134301 266403 134085 132318
의령군 29417 14193 15224 30329 14582 15747 30045 14452 15593
함안군 67667 34146 33521 67425 34107 33318 66971 33813 33158
창녕군 63447 31381 32066 62966 31074 31892 62490 30772 31718
고성군2 56369 28277 28092 56906 28547 28359 57264 28710 28554
남해군 47244 22546 24698 48223 22986 25237 50242 24004 26238
하동군 50177 24699 25478 50806 25023 25783 53975 26506 27469
산청군 35935 17613 18322 35691 17462 18229 35651 17385 18266
함양군 40692 19433 21259 40714 19421 21293 41081 19650 21431
거창군 63177 30671 32506 63103 30613 32490 63146 30665 32481
합천군 50290 23858 26432 50279 23921 26358 50608 24141 26467
제주시 438165 219029 219136 429656 214588 215068 422790 210873 211917
서귀포시 155641 78475 77166 154057 77625 76432 153366 77279 76087
